20731
17551
28031
2921
19921
14491
19031
26531
29851
5711
4331
4801
20321
931
15191
5051
28961
6391
14531
12211
8281
10591
29441
14351
22031
18001
8581
28601
14761
5441
32411
21161
11821
11491
2351
961
13231
18161
29221
1141
8641
12491
10421
22021
29551
21401
14141
17951
6281
27061
15251
9731
13501
4151
8011
32381
22721
6481
31861
10451
11531
18661
27601
31271
5651
32051
19261
7351
15341
19111
26761
3031
26801
27061
21431
6461
5161
10201
881
25501
27451
19381
23351
22321
12461
29881
26971
7471
15791
14941
3701
26701
18001
32621
14501
15001
491
29681
18961
20951
30431
32671
23941
30461
20771
7081
9551
271
25411
1531
2291
7151
20861
19541
5911
18551
12691
25811
31141
2401
8951
18781
9971
22261
6751
11281
8701
13871
881
7061
30461
27401
20071
1151
7561
28211
17021
18401
30721
26251
2941
7721
7681
7511
2431
23831
3991
31781
24491
12901
941
26531
9781
15751
23291
2951
16211
29051
12241
29951
12061
11531
20251
4151
30091
22411
13021
12701
30941
17501
32711
3091
7801
19711
21001
9241
901
2611
3421
9031
32531
20041
9911
16601
18281
14131
11411
13241
2651
27251
3901
14641
20101
20801
7201
17951
23461
13991
12151
14351
30371
28151
17821
28321
12751
18971
1471
7591
15931
24431
32321
871
5831
18751
17131
32071
16391
23641
30511
24091
8501
4051
5531
12011
2321
10531
31681
27461
251
15311
1621
701
25361
28571
511
19181
551
5141
25231
27541
1171
