28027
32587
17197
22757
25067
31267
1307
1027
11227
14257
11587
12607
32767
7027
20627
2107
22387
29587
9677
25877
22777
347
21617
27307
12127
3937
18937
10747
26017
5987
31277
30517
29557
27067
24317
7277
31957
7567
27997
24847
7367
4877
9497
28547
15077
12227
23887
26917
20317
467
7427
7177
10217
21347
7307
32507
6917
2177
13957
22657
23087
6037
6377
8477
15007
29767
19807
27707
12977
16507
22577
28397
13657
6097
22357
25877
28547
31397
5027
21947
9817
23167
7417
8197
10127
16547
32197
9787
1307
25847
13507
1787
13637
17917
23437
17557
11647
9307
29627
26777
30787
29197
20767
14417
5107
18557
22547
22067
23867
23087
24947
6257
2287
5317
30557
22697
7157
22897
13037
12817
31757
22027
13727
12407
15887
23407
24397
26147
5557
23537
8797
18817
32077
21677
31277
18607
22577
10477
32677
32537
18587
28787
737
29777
11147
32617
3697
10997
8707
13717
10627
15737
3227
24277
23627
30007
19597
9337
29447
12367
8047
25187
3077
6137
16117
16817
14057
9587
28847
13597
17617
31987
25807
21967
11377
10487
5837
30997
16907
2717
4907
20827
18517
12127
32117
6947
21227
5507
19817
26957
24287
14747
13727
16847
5137
18587
7847
7337
14587
4357
22327
25997
13277
7477
15557
6127
1207
14077
8677
13177
3367
30497
11237
9227
29837
8447
28427
2617
6277
15827
6737
15097
18827
7397
6167
16477
23917
21127
2537
1867
19397
10627
6377
17357
26167
5407
30517
5977
7337
4777
7717
6467
17887
25627
26827
