14386
12026
21716
10256
32006
12766
7036
22946
1436
29116
5056
30766
19816
11336
11156
20956
19166
21866
12706
28456
7036
26476
17696
28426
26576
13496
12116
31946
25706
25516
6596
18796
18136
18956
4846
9686
27956
2386
2386
1486
15356
24856
11116
14296
23756
8506
1606
23456
6056
25366
7136
24236
13276
27716
16556
16646
1796
28636
20386
22906
29846
356
26296
29156
9316
9856
7286
21566
28366
4996
20716
3676
29416
8786
13496
11996
19556
32426
23056
3706
4876
5326
16256
1316
5246
4046
22046
19286
12866
18766
3956
6326
29536
3256
17866
3476
1946
26726
20086
22406
1106
7706
31036
29486
30226
25556
3806
14516
14786
25406
23656
30736
23726
20486
28646
27796
856
15326
32686
10306
22796
21356
17566
20386
12176
31976
23086
22516
10996
10936
9946
31256
14296
13216
23906
9556
26656
31786
1646
7676
25946
2236
21566
12346
2746
13406
13466
19246
29776
3446
15076
26386
18986
29096
26576
17006
13496
15616
18026
28786
2296
19846
5366
14066
11996
2066
16796
19486
15766
25766
2276
19936
4666
23066
28156
13786
19346
2576
4756
6706
14906
1606
18986
31496
2636
3596
20026
926
18706
22276
1016
13886
23816
25876
27236
10876
31666
1846
32246
7876
11006
466
3706
31156
28666
25766
17056
24646
12086
10706
7346
22846
8366
17006
12266
2186
346
21436
14486
8726
30446
4336
13376
3436
25946
31216
15436
22696
5966
2386
21866
27886
22766
30676
9136
9896
5896
6626
30526
17396
9686
20386
10756
13996
12836
8926
13736
9326
2116
19366
2966
8746
23006
28286
17786
28346
26426
7426
28546
7576
3266
646
19666
31046
4916
26356
18926
8446
9566
4066
20656
1856
5816
15586
26036
29546
15286
15586
1946
10936
30146
18496
5306
3836
1816
32096
22936
