28024
29474
28034
13184
32404
15334
6044
23444
22024
22424
8794
10954
7354
18184
13424
18784
26344
7574
11354
27034
12164
7804
19334
14584
10654
18544
23344
14834
25364
26194
11614
13084
20554
7864
30434
7084
1724
12254
23344
2864
3554
31154
1484
14134
944
12694
11234
15554
18314
29984
18764
17254
17224
12074
22744
94
13094
304
964
3914
30104
10634
20324
10934
22324
6074
8794
5554
11984
10804
1484
12614
5324
29854
18884
4234
2824
2584
25954
2284
17044
22174
30274
18224
9074
6524
30014
3064
21974
29914
29614
22474
24574
29914
7304
19594
22144
19024
20384
14684
24344
23164
19414
7994
3544
5134
28274
5954
18184
17264
32044
25274
25744
3094
10004
13204
26494
26714
10064
14504
12514
21254
7064
8924
10064
32644
26294
15974
25574
2834
20824
32164
30764
31094
21454
18634
10664
12844
274
16654
1664
23104
4474
1834
24454
4634
23494
32614
22814
30044
31414
25084
8104
3194
7634
9274
27304
4474
16784
23564
2204
5384
23384
25624
20374
25964
13454
2534
32314
16964
25714
27844
22834
7804
31744
17704
32024
13574
32584
23174
30844
19574
8254
5264
30734
13604
26554
13484
584
23944
2264
8734
13184
31714
18064
16144
10124
17434
19024
15724
10604
6944
9754
17494
5564
31454
7784
18284
2204
11584
29324
8494
20254
6914
11474
32144
27404
6454
10694
27964
17584
13894
3694
9254
4744
9424
17054
22924
3734
32234
2414
2614
7844
9524
16394
12394
10114
12584
18814
24754
2954
15974
514
32654
25354
29624
5084
17354
11194
2864
884
21964
18784
29564
5104
23074
23704
7804
27794
17834
12194
26504
8104
3844
32764
24884
18524
13334
2584
22624
9544
11624
814
27704
10754
10844
31114
22714
21224
16024
16834
27754
27014
30754
694
1484
13864
