19003
16003
5293
31153
3473
8603
30103
13783
30503
30713
19853
6163
22613
4883
32713
25493
13643
10643
32723
14743
5953
5953
22933
27563
703
17503
3613
1183
5833
9103
4063
14833
10493
8263
10673
5393
30733
27853
14393
2053
1753
32143
29773
31343
4373
32443
15433
20983
31063
25403
12233
16303
11953
15913
16043
27473
20023
3143
12833
25723
24193
10373
25973
26803
29333
31243
9023
13313
30503
2023
24443
16123
7993
413
28133
3523
23563
6733
11743
24983
16813
23783
983
22333
133
4253
9643
1183
27253
28633
15353
17963
13733
14153
6013
15673
4993
19573
14063
3173
13163
31733
17603
23573
14953
7333
21893
12653
19663
27983
3073
9173
5683
18853
24593
21503
11713
23723
20903
5993
31313
28783
20783
1423
19483
14923
28723
2773
4193
13783
6973
6883
21613
18863
30283
6973
23593
4373
28543
32743
13483
2183
4883
26333
21083
31283
11723
24653
19963
733
2743
15883
31343
13843
15163
29933
343
27293
14453
15833
16543
19093
16003
16163
20363
2623
15583
27853
8873
15133
25783
10423
31583
17923
28543
27283
23923
16913
4363
30883
26243
2023
18613
25733
17603
8413
14533
10783
10913
23923
12523
5713
6193
30833
17923
28073
24023
20783
24613
29033
15203
23153
20963
22733
15913
26233
31733
22453
13493
1243
22843
3623
22243
32353
17293
30793
16753
19163
19583
7723
7333
21293
27533
10103
23473
403
17113
17383
18203
12553
24443
8693
30433
14713
16813
20653
19583
28673
7033
19963
2423
29993
20743
20963
7043
26023
24143
373
3713
