17720
25480
4690
32360
31880
25180
28280
6650
28640
2080
9200
19030
21050
32600
21820
17660
9920
7390
10330
8870
7880
14380
12910
32120
28820
10580
20360
13310
2000
13460
14740
13270
23920
9200
23740
1780
6680
32260
20000
2660
470
470
29900
24790
1690
16540
20800
3670
9910
19210
15820
26120
4270
17500
18380
30760
3620
32110
3550
7600
10400
28240
4250
8890
5900
15650
1690
14270
20950
18920
5480
12310
310
23900
12950
28160
29560
27640
32050
12890
13960
4360
15580
17750
14240
11090
30340
28190
14720
20990
28810
20630
32320
1450
13250
22960
28870
4840
29740
27350
9920
27910
18670
20140
18430
3190
2840
29270
16610
15920
32510
25750
5140
140
16420
1070
8750
30460
23150
9020
28330
23680
27700
4700
16390
1570
17270
19750
20960
27880
2090
27940
8560
640
13820
9730
24170
27520
16280
32000
7310
12190
10720
23930
12320
15160
29590
17110
26260
14140
24430
18020
31360
11510
320
7520
18410
17350
16540
11680
13900
1430
28750
16340
26110
28280
24520
12380
28490
10460
14230
18400
31280
32030
620
24830
31690
8350
260
17620
28240
4460
15050
19580
15080
550
23510
21320
4450
16910
31630
23110
32680
22520
24880
14050
18670
18040
16670
30370
22130
12140
31060
27290
19660
23620
27320
15130
26320
1510
5200
25490
29620
26690
29980
5720
2050
23600
5030
4520
31460
23810
20450
18230
23560
830
8750
30550
2290
15950
15350
8860
32230
24230
24590
13610
24800
11180
9620
16300
13880
12400
10490
8860
27640
