28468
29318
6448
30898
21568
31948
18638
24548
18338
2308
8498
478
31018
14908
14228
20108
17528
20278
18568
1138
29818
23288
7118
11698
13348
2038
7138
5248
19538
18728
14458
12818
27518
18208
31358
22918
22268
1258
14608
12208
3398
17708
14578
29348
22408
29428
19298
4618
8428
21668
18188
20248
15128
14048
30158
4718
15088
11788
24038
29038
24778
15508
24988
30418
8788
24158
10048
20558
16028
23228
14038
27508
26708
15188
16258
32548
20128
22478
8648
7688
24938
25298
19948
15928
25478
30838
13868
15398
22388
22238
18688
31808
25558
11798
6718
11018
968
20488
19568
12988
20918
3988
338
8668
6038
5108
21818
1538
20318
1958
15148
21608
28838
12688
13798
26488
16408
18928
26738
32378
2398
23588
16258
3458
14938
478
10958
5038
21878
27838
10298
2558
12298
24718
7888
26738
1648
20638
14068
26038
19598
29258
12328
1108
7168
16678
2938
18028
31928
2998
31058
26108
11768
8638
28858
18448
6758
158
20168
12608
9278
28658
29888
32648
7328
3818
2818
26138
16838
5828
32728
4478
6268
24028
15518
10258
24038
30398
5318
28358
30988
5068
28048
6478
20378
31798
28388
10618
7598
15478
24688
20438
24128
18718
22028
24478
11758
26258
12218
28538
4538
22148
12928
16988
32638
29278
9638
13388
8588
32678
17138
18718
11168
1108
16268
26978
30508
8128
12268
17938
158
24428
4118
12518
16358
5348
3088
268
22628
12038
12478
11608
4528
32518
5788
27278
30688
21208
20798
15308
9578
22498
29968
30248
26008
1148
24718
19238
22168
17368
30208
24608
6908
6658
488
4268
30748
8888
21898
19528
13318
21268
12758
21758
10928
11738
1118
