1729
6329
17179
31259
27029
4139
23089
30799
25559
16349
27139
5669
479
4769
32389
30599
31469
4769
5269
21349
14369
9019
31439
5809
29069
32759
17129
17549
8509
10409
24149
28439
3959
14459
30329
30619
17869
13859
8729
17629
23309
7159
8189
18559
8149
12809
31079
20789
3949
12119
10259
24709
9859
14329
16819
27899
5279
14459
27889
6649
30989
15499
17069
29699
15919
12229
13349
11299
29779
11639
3959
20849
6089
18749
10619
6749
5489
10369
15319
16919
28919
13669
7279
20099
20509
28589
15769
30719
19589
24659
24509
20339
22739
27629
26369
5209
7769
17399
4559
20669
17129
17359
32249
14639
26149
12979
32729
19939
26999
21319
29129
7409
16249
31909
13859
17999
17749
389
10499
12229
4319
14239
31969
8119
19309
20069
14509
17519
13879
21469
23569
6989
20999
18689
12389
11569
22579
2239
10309
1649
1649
8689
5669
29699
5749
31879
12139
25399
5449
6779
3449
27259
25309
28279
16699
17929
19709
5759
11699
30959
17969
14969
20219
7499
17359
27709
26219
22919
17009
31709
12059
20629
30509
5009
15589
6629
25979
11039
15899
23029
15299
4259
30569
6359
29369
27049
25859
3109
7999
22499
16819
13789
30839
17639
11279
27199
4069
869
9629
18709
30839
3679
23809
16699
12929
26879
32219
21229
18299
13049
21509
14939
18989
14699
22709
899
29609
1339
4229
29809
17689
15829
19099
27319
6109
8779
5519
10549
6199
26629
15799
449
1139
12919
24799
16579
12319
2599
29179
4709
24629
449
30869
4379
3559
8609
3379
12839
17519
8789
17869
13129
26989
21209
22789
27439
10019
8069
19469
12569
5419
2599
7319
