2402
7742
14642
14182
6922
26152
16532
21272
23272
31732
30922
19642
9872
14542
7072
26462
26362
8372
11852
1022
5522
21542
28052
6262
8252
4232
2782
32482
15622
18212
32152
16882
18502
9832
22372
4172
17762
17362
32152
31052
3782
9952
17942
12802
4912
15842
24112
25802
15482
10012
6472
20582
30982
23842
18142
16772
12322
28432
23192
21662
29782
10102
27632
1312
19792
17962
3572
13472
11932
23492
17492
25892
1072
30712
21772
21782
18422
7912
26962
21842
12622
3662
9922
18392
11032
25232
6592
3092
4262
11402
8662
32552
26482
12562
19042
13142
17702
19042
14252
23722
30962
9212
13382
17962
20542
3892
8302
24152
26822
15592
9332
1202
2702
22162
5732
15442
16972
15122
21052
4202
6142
1652
8962
30592
1412
12092
23702
13462
14062
31832
4382
30532
4352
22552
3862
25732
32312
23542
32332
19462
4672
6952
24152
21362
20522
2282
3992
14902
7832
29932
27212
24052
29042
10012
4522
26882
3112
15152
17662
27562
11212
16822
11242
1142
19412
14662
20762
17672
11852
4102
11122
5182
2702
10562
8552
26582
2
2252
24712
26162
30922
15632
8192
272
6842
22282
12632
7732
1822
17812
3922
30932
10672
14522
19312
22202
28142
9602
30532
31192
12112
9872
27272
27532
8242
29722
1012
13102
19432
32492
29582
20362
10912
22
16862
22382
13132
29882
29102
5452
11152
26042
30082
4712
22472
23872
23812
21262
24872
24992
15622
16672
8662
1322
30122
31222
20102
6892
1462
602
21542
23522
27022
26912
22
21452
22682
11072
20942
32072
12802
10792
21232
16312
17872
27982
8902
28502
5422
15322
20552
24262
29162
25312
10102
14302
12752
10132
25862
25472
28282
5072
7942
5372
6482
25672
31012
9562
10502
25012
27422
24302
29752
5332
29402
13502
