2165
2875
30595
31415
6865
27385
19445
17795
5225
31555
7475
18695
13265
12745
22615
805
22615
2245
30785
5345
6545
28295
12355
27305
28475
7045
1555
32575
12335
28465
20815
29015
26005
25345
11975
1895
3325
29875
28375
29395
19025
18275
4025
6535
7445
19195
4285
25525
28505
13235
28385
4835
17615
29105
20095
25105
32165
27445
9625
18355
14725
1265
515
32275
21955
205
28015
16265
2255
19715
21235
14065
1345
20135
25555
17785
28505
28045
3595
2575
26065
19325
19015
10495
14305
5075
32665
28595
14525
1945
5995
20345
6895
275
30805
24715
17965
17695
3035
22235
23695
21205
18025
14045
7265
16075
8455
12035
30565
22715
20195
5405
23935
32725
12475
21535
965
5245
15895
6475
13885
6025
1955
19855
21935
28585
23615
23525
31265
22445
5875
28525
8675
9685
27785
13025
8885
20905
12035
21185
2005
3155
27115
14965
28655
20605
6355
30625
25145
31405
4795
1615
16925
23095
27235
9925
26995
5725
6425
27815
7495
14725
10255
22595
29845
5675
25525
17015
12055
17875
18715
6725
16495
6815
22585
26495
5185
10315
3235
2095
11585
725
2065
6155
28435
15215
4325
17015
6245
16945
18155
4705
28775
22615
14185
13705
23425
5275
2795
7955
175
20435
24235
15335
4255
19055
17245
7775
15565
7375
21805
20645
13825
16225
31255
4775
16655
16195
6785
10025
24785
16265
19685
31915
17845
27245
24155
13415
30145
18335
28895
5645
22835
1585
25075
25
15395
24625
23875
20285
17645
21935
29455
11035
11225
8845
23405
15355
31285
27505
23705
15965
8105
31775
23015
19055
13135
32435
28565
10295
19535
8075
27245
10205
16445
18685
1475
12845
2845
715
11015
5725
3905
30715
